function [GP,GW] = GaussTW_16()
% [GP,GW] = GaussTW_16()
% Returns: GP - 16-point Gauss-Legendre quadrature nodes
%          GW - 16-point Gauss-Legendre quadrature weights
    GP = GaussPoints16();
    GW = GaussWeights16();
end

function GP = GaussPoints16()
    % *** 16-point Gauss-Legendre nodes ***  
  GP=zeros(16,1);
  GP( 1)=-0.989400934991649932596154173450332627;
  GP( 2)=-0.944575023073232576077988415534608345;
  GP( 3)=-0.865631202387831743880467897712393132;
  GP( 4)=-0.755404408355003033895101194847442268;
  GP( 5)=-0.617876244402643748446671764048791019;
  GP( 6)=-0.458016777657227386342419442983577574;
  GP( 7)=-0.281603550779258913230460501460496106;
  GP( 8)=-0.095012509837637440185319335424958063;
  GP( 9)= 0.095012509837637440185319335424958063;
  GP(10)= 0.281603550779258913230460501460496106;
  GP(11)= 0.458016777657227386342419442983577574;
  GP(12)= 0.617876244402643748446671764048791019;
  GP(13)= 0.755404408355003033895101194847442268;
  GP(14)= 0.865631202387831743880467897712393132;
  GP(15)= 0.944575023073232576077988415534608345;
  GP(16)= 0.989400934991649932596154173450332627;
end

function GW = GaussWeights16()
% 16-point Gauss-Legendre weights
  GW=zeros(16,1); 
  GW( 1)= 0.027152459411754094851780572456018104;
  GW( 2)= 0.062253523938647892862843836994377694;
  GW( 3)= 0.095158511682492784809925107602246226;
  GW( 4)= 0.124628971255533872052476282192016420;
  GW( 5)= 0.149595988816576732081501730547478549;
  GW( 6)= 0.169156519395002538189312079030359962;
  GW( 7)= 0.182603415044923588866763667969219939;
  GW( 8)= 0.189450610455068496285396723208283105;
  GW( 9)= 0.189450610455068496285396723208283105;
  GW(10)= 0.182603415044923588866763667969219939;
  GW(11)= 0.169156519395002538189312079030359962;
  GW(12)= 0.149595988816576732081501730547478549;
  GW(13)= 0.124628971255533872052476282192016420;
  GW(14)= 0.095158511682492784809925107602246226;
  GW(15)= 0.062253523938647892862843836994377694;
  GW(16)= 0.027152459411754094851780572456018104;
end